# NAIVE BAYES

#CASO 1
8 5
0 0 1 0 N
1 0 0 0 N
0 1 1 1 P
1 1 1 0 P
0 0 1 0 N
1 1 1 1 P
0 1 0 1 N
0 0 0 0 N
1 0 1 0

Saída: N

#CASO 2
8 5
0 0 1 0 N
1 0 0 0 N
0 1 1 1 P
1 1 1 0 P
0 0 1 0 N
1 1 1 1 P
0 1 0 1 N
0 0 0 0 N
0 0 1 0

Saída: N

#CASO 3
8 5
0 0 1 0 N
1 0 0 0 N
0 1 1 1 P
1 1 1 0 P
0 0 1 0 N
1 1 1 1 P
0 1 0 1 N
0 0 0 0 N
0 1 1 0

Saída: P

#CASO 4
8 5
0 0 1 0 N
1 0 0 0 N
0 1 1 1 P
1 1 1 0 P
0 0 1 0 N
1 1 1 1 P
0 1 0 1 N
0 0 0 0 N
1 0 0 1

Saída: N

#CASO 5
14 9
0 0 1 0 0 0 1 0 N
1 1 0 1 0 0 1 0 N
0 1 1 1 0 0 1 0 P
1 1 1 0 1 1 0 1 P
0 0 1 0 1 0 1 0 N
1 1 1 1 0 1 0 1 P
0 1 0 1 1 1 1 0 N
0 0 0 0 0 1 1 1 N
1 0 1 0 1 0 1 0 P
0 1 0 1 0 1 0 1 N
0 0 1 0 1 1 1 0 P
1 1 0 0 1 0 0 0 P
0 0 1 1 1 1 0 1 N
1 1 1 0 0 0 0 0 P
0 0 0 0 0 0 0 0

Saída: N

#CASO 6
14 9
0 0 1 0 0 0 1 0 N
1 1 0 1 0 0 1 0 N
0 1 1 1 0 0 1 0 P
1 1 1 0 1 1 0 1 P
0 0 1 0 1 0 1 0 N
1 1 1 1 0 1 0 1 P
0 1 0 1 1 1 1 0 N
0 0 0 0 0 1 1 1 N
1 0 1 0 1 0 1 0 P
0 1 0 1 0 1 0 1 N
0 0 1 0 1 1 1 0 P
1 1 0 0 1 0 0 0 P
0 0 1 1 1 1 0 1 N
1 1 1 0 0 0 0 0 P
1 1 1 1 0 0 0 0

Saída: P

#CASO 7
14 9
0 0 1 0 0 0 1 0 N
1 1 0 1 0 0 1 0 N
0 1 1 1 0 0 1 0 P
1 1 1 0 1 1 0 1 P
0 0 1 0 1 0 1 0 N
1 1 1 1 0 1 0 1 P
0 1 0 1 1 1 1 0 N
0 0 0 0 0 1 1 1 N
1 0 1 0 1 0 1 0 P
0 1 0 1 0 1 0 1 N
0 0 1 0 1 1 1 0 P
1 1 0 0 1 0 0 0 P
0 0 1 1 1 1 0 1 N
1 1 1 0 0 0 0 0 P
0 0 0 0 1 1 1 1

Saída: N

#CASO 8
14 9
0 0 1 0 0 0 1 0 N
1 1 0 1 0 0 1 0 N
0 1 1 1 0 0 1 0 P
1 1 1 0 1 1 0 1 P
0 0 1 0 1 0 1 0 N
1 1 1 1 0 1 0 1 P
0 1 0 1 1 1 1 0 N
0 0 0 0 0 1 1 1 N
1 0 1 0 1 0 1 0 P
0 1 0 1 0 1 0 1 N
0 0 1 0 1 1 1 0 P
1 1 0 0 1 0 0 0 P
0 0 1 1 1 1 0 1 N
1 1 1 0 0 0 0 0 P
1 0 1 0 1 1 1 1

Saída: P


